max/00:00:01.8870000
rick3/00:00:01.1430000
ricky/00:00:01.3360000
