TIM/00:00:01.4330000
RED/00:00:02.5610000
SLO/00:00:02.0790000
WEE/00:00:02.1790000
max/00:00:01.5570000
maxi/00:00:01.5600000
max/00:00:01.8870000
JIM/00:00:01.9400000
