TIM/00:00:01.4330000
RED/00:00:02.5610000
SLO/00:00:02.0790000
WEE/00:00:02.1790000
