21 12/00:00:02.2570000
asdasd/00:00:01.9330000
asd/00:00:01.5180000
asd/00:00:02.7420000
asdasd/00:00:01.9320000
ricky fort/00:00:01.9260000
